160401000
13307400
9974900
9388400
9303700
10697200
11295000
10395100
12601600
10847800
9689000
10721100
10157800
9430200
9093000
11315300
10716300
9138800
9597600
9683900
10290400
10713100
9643400
11029000
10341800
11363800
11529400
12277100
13152300
12403800
12203500
13612400
11247100
13358900
11714500
11555900
11078400
11937800
14397800
12014700
9948000
11072700
15082900
12294500
12047300
12205500
14456000
16723300
12873400
12543200
13396500
9469300
9771900
11205800
9136000
11716900
9090000
8720900
8455800
8897900
9598900
10571200
9300500
10325800
9785200
9192000
10031900
8884700
9382200
8262100
8982600
8981500
10187400
8985300
8763100
12714000
8315100
9206900
9532400
9372900
9358400
9321900
8902100
11912900
9566500
9248800
9094800
8796500
9004300
10640900
9121900
9316300
8604600
9006700
8921300
10557100
8754900
8601900
8712000
10316300
9056500
9033500
8881500
8398600
8935100
8449300
9008100
9322700
9675700
8731000
8197300
8622700
8224500
10846900
8726400
9138600
8470300
9383600
9216600
10461800
9475900
8672100
8760000
9432500
9584100
11295300
8975000
10248700
9413800
9603000
8883500
9779300
10935300
8576200
9285400
10655900
8732800
8561300
8950500
8588400
9226800
9995300
9147800
9150800
8673600
9303000
9280800
9011600
8737200
9175100
8879200
12337800
9603400
8575900
8840600
8491800
9096600
9355600
8912400
8996300
8607200
8417100
8524700
8529500
8610900
9142000
8580000
8467100
8748100
10155600
13444700
9041000
9241000
9198600
9632200
9278000
9222600
9173100
8552100
8815800
9198800
8776900
8769700
8928300
8595800
8425200
8588400
8450900
8618800
8891100
8364200
10299600
9220500
8494700
8900600
8414600
8736500
8603500
8895700
8443500
8559000
8292800
8417800
8407900
10007000
8785600
8967400
9099500
8687000
9098400
9227200
9882600
11041800
10350800
11555200
8922300
9131200
8916500
9243900
8344500
8847600
8889900
8967100
8639500
8458300
8913300
8892100
8669300
8759500
8581900
8168700
8556300
8515500
10460300
11944100
13513300
9504100
9342100
13510200
14585800
12784000
13103300
14231100
10204200
9379600
11667900
12311700
11728200
8931200
9680400
11441300
12236800
10510300
11207600
13469200
9581300
9708500
8483000
8988100
8304600
8731500
8777700
8614000
8394100
8660700
8619200
8362300
9420500
9077800
9041900
8533400
9055600
8389600
8782900
9225400
8430400
8552500
8456300
8604000
10290800
8470000
8802200
8914100
8877100
8751300
8805400
8894200
8747300
8673700
11294000
8349600
10451100
8887900
9288600
8378300
8384400
8787100
9247500
8802600
8857100
8653200
8622200
8724600
11246000
8507700
9184500
9477100
8323300
8983600
9639500
8519700
8434400
8762900
8339800
8358500
9047500
9803000
11191600
11241300
10246700
8874600
8613600
8958800
8240000
8246900
9125200
9081800
8366200
8878300
9081200
12820700
12354100
9162000
8733900
9322300
9465100
8372100
9453100
8708900
10932600
11502400
10767100
10127400
8503800
8489300
8566600
8232400
8407900
9720500
8458400
8760200
9190200
8553200
8700400
8550800
10869200
8607700
12088600
9732700
9897100
9434500
8555600
8719400
8729900
8545100
10295300
9635200
8710600
8314800
8991900
8564000
9177600
12286400
8858000
8326300
8449400
11641200
8370800
9049200
8189400
9259400
8534500
9437800
9437500
10484600
9186400
8397000
8814400
8885500
8840700
8753600
9203000
10027200
9071900
8829900
8846500
9035900
8218200
8664100
8643800
8442600
8600200
8323800
8407200
8297700
9473000
8574700
9566000
10362700
8950700
8847700
12792500
9354500
8659200
8882800
10245400
8868500
8446000
8862100
8372200
8835800
8247300
8672400
8257300
8297200
8990900
11635200
10272800
9061300
8267400
8117200
8796700
8128500
8598000
8543300
8730700
8253000
8661300
8282600
8514600
8464600
8243900
8424000
8390800
8211000
8781600
9642800
8778100
8377900
8693900
8599200
9046600
9268600
8535300
8821400
8451600
9635100
9769500
9184400
8324500
8668600
8142800
9695400
12270800
8917000
8834700
8277600
8689700
9927300
9816000
15127600
8954100
8414900
9033400
8781700
8652000
8142100
8865300
8281700
8461900
8605900
8532700
8260400
8151300
8185600
8753800
9199700
8295600
8334700
8629200
8264100
8932500
8400600
9261900
8654300
8307200
8376900
9245700
8668300
8921600
8306600
8959800
9371400
10787300
11717200
13029700
8578900
8347300
9182300
13022100
11633000
10742900
11708700
13173300
8424300
8936200
8101200
8328900
8836300
10428900
8516000
8092900
8764100
8547800
8852900
9832900
8952500
8904700
8834500
8639500
8591600
8732900
8674000
8323100
9459700
8321200
8882800
10285100
8380800
8911600
8103900
8928300
8422700
9126000
8344200
8310400
8248800
8458500
8538600
8628200
8232800
8598000
8467800
8349400
11123800
8408400
8916400
8735800
8960600
8483800
10202200
8381400
8868100
8322900
8782000
8583700
8821900
8442200
8779600
8508300
8817900
8362100
8867400
9121800
8338600
8991200
8159100
8564100
8742500
9220900
8390600
8801400
8337200
8855600
8329500
9046700
9325200
8422200
8522300
8607700
8730300
8954200
9784800
9233900
8312400
8334400
8346800
8859000
8356800
8258800
8762500
8181700
8964000
10230300
11797700
10445700
8376600
9053300
8350100
8744700
8869100
9177100
8592500
8473500
8685600
8720300
8343000
8244300
8385100
8277800
9702000
9872600
8919600
8805900
8992400
8531800
8337800
9038000
8479700
8826100
8643300
8331700
8883800
8209000
8886300
8463000
8988200
8496400
8960100
10863300
11242600
11875000
9229100
8504000
8684500
8167200
8914500
9105000
8261100
8660100
10566300
8451700
8682300
8765900
9344000
8792800
9576000
8203700
8379800
8370300
8203600
8897700
11284600
10626400
11128300
9798800
13503200
12136400
9735500
9930900
8458300
12586500
8822500
9467600
8849000
8132200
8454000
10706200
8547400
8753700
8135900
8334300
8384000
9534500
8434500
8166800
8234100
8347800
8258800
8641900
8348100
8593600
8253300
9046600
8399300
8447300
8127300
9068200
8249700
8491200
8244700
9527400
8249100
8545000
8776800
8929000
8351300
8185200
8395600
8361500
8360500
8304900
8587000
9737500
8932900
10528700
11036900
8433900
8388300
8626400
8573700
8196300
8486000
8438000
9160200
9503800
8544900
8758900
8475000
8205300
8565100
8428500
8367400
8384100
8022200
8369300
8942300
9390300
8477200
9038800
8260800
8362700
8480400
8203400
8339600
8363400
8045300
8498900
8880500
8519700
8684100
8921100
8515300
8244500
8661700
8241800
8129600
8273700
8082800
9572400
8593900
8939800
8883600
8217900
8669200
8259100
9743800
12993200
9390000
8377600
8476200
8172300
8740500
8669600
8450600
8517300
8080600
9451200
12052700
9628700
14009900
9990900
11127000
11667000
9069200
9464900
12073100
10497500
9944500
8960000
9428400
10374100
8727500
10035400
11922400
9297400
9749600
9352700
9675500
11696600
11044100
11942700
8842400
9974600
11413600
10875300
8786800
11451000
9902500
8686700
8914600
9306400
9769500
11167800
13231100
14408200
14348500
14675500
12290400
8943500
8245300
8174100
12713300
11450100
9954100
8347000
8852300
8332400
8923800
8566000
8491300
8525700
8760700
8397700
8518400
8693100
8341000
8150300
8369200
8187500
9130500
8460400
9397000
9016600
11341600
10158200
9567300
8608400
8791600
8200700
8671800
8552800
8683100
8520100
8259300
8429000
8272900
8574300
9099400
10403200
8883800
8335000
8720100
9673800
8634400
8511700
8861400
8294000
8688900
8982000
9092200
8786200
8180000
8262900
8462900
8670200
8912300
9050500
8486100
8519300
8539400
9075200
8691000
9223800
8247200
8930100
8694300
8808700
9188600
10182400
8795300
8469200
8760000
8671700
8667900
10296300
8333200
8692900
8431600
8300100
8964100
8603400
8449900
8561000
8482400
8598900
8787100
8530900
8302900
8684000
8197100
8569000
8333800
8163500
8435200
8252900
8246700
8451800
9184300
8819400
8346600
8433100
8485000
8437100
8313200
8833500
8173400
8641200
8270100
8728900
9438200
9464700
8340300
8368600
8376700
8524900
8859800
8592800
8800700
8400000
8705000
8453700
9456500
13450900
9113800
8874800
8312800
10013300
8558900
9487300
8112100
8909800
8358400
9332600
8300400
8355800
9374200
8712400
8478700
8913700
8617700
8392600
8834200
8290700
8190500
11612500
10820800
8756500
14084300
9852500
9001800
11613500
11104900
11529600
9370700
8835500
9054000
9184700
9132800
8697400
8196200
8548300
11310200
9371400
9318000
8736900
11247300
9271600
12941400
8491300
8882800
9406400
9259100
10723600
9252700
12523800
9617900
8662500
9613400
9352400
8932300
9215400
12023300
11386800
9581700
8537300
10277100
8277900
8693200
8980300
8777900
8601400
8564500
8118200
9492600
13287800
10132600
9812500
8981700
8637200
8340800
8977000
8704900
8490500
10772800
8090000
8739900
8615900
9130900
8133300
8775600
8196900
8389600
9123400
10451100
8789500
8057600
8563400
8337000
9054900
8461700
8204000
8395700
8752000
8204200
8283500
8944300
13617400
9600300
9210100
8418700
8871200
10015000
8922900
9053900
8692300
8562100
8532900
8657300
8429100
8485000
8520500
8747500
8685800
8074100
8475900
8597200
8337700
8505800
9590900
8654700
8666500
8018400
9383400
8423000
9049300
8671900
8642500
8472400
8629700
8200600
8751700
8208200
8282700
9051100
11623600
9374000
8828800
8625000
8416700
8852300
8099900
9461200
8610200
8337700
8236800
8251200
8000700
8411700
9226400
8331000
8107100
8550600
8160800
8546400
8205500
8977200
8295500
8446300
8335900
8215900
8928900
8710000
8798600
8140500
9159500
8303000
8149600
8885400
8426000
8294100
8686300
8315300
8325500
8336400
8127300
8165300
8295500
8012700
8243600
8432300
8383500
8233800
8606700
8228900
8157700
8223000
8370700
8330100
8441100
8052500
8006700
9556400
8267500
8302400
8512700
8249000
8139100
8512400
8431700
8179500
8766700
8137900
8901000
9511700
9850500
9096900
8756600
8904100
8357800
9992300
8257400
9275000
9188300
9833600
8858100
10337300
8794600
8548500
9367600
8655600
8877700
9409200
9620700
8480900
9124500
8335400
9974700
10325500
8511000
8736300
8767000
8613500
8280300
9852200
8962400
9494800
9732600
9587100
8869400
11436000
11010800
11961700
10865700
12877400
11017300
10584900
11290100
11800300
11883800
13409200
11222600
11331400
13224000
11322500
11808800
9585300
14047100
10845200
12960200
9487400
10374700
14275100
12006600
36619600
50835600
24489700
23177700
10682500
10728500
12218700
13312400
13100000
11213000
8882000
8527900
8375800
9145400
8747100
8347700
8942400
8278000
8431000
8491700
8245400
8421200
11574500
8140900
8526300
8808900
8416500
8235200
8887600
9284700
9044300
8313300
8710700
8258400
8370100
11885500
8102100
9232800
8276000
8747700
8263000
10093100
9228500
8550100
8261000
8853400
8871800
9236900
9347200
8439400
9042800
8068800
8875000
8130800
9780700
8812500
8982800
8683300
9026100
8180800
8851600
8619100
8125100
8638600
9197300
8651900
8185700
8782800
8308800
8049500
8467500
8590900
8260100
8804300
8062700
8551000
9068900
9086500
8252800
8406500
8231400
8706400
8233500
8204700
8251200
8459600
8205900
8273200
8597000
9362300
8477800
8570700
8228700
8887600
8532900
10423400
12950800
8962600
9089800
8875200
9596700
9093900
8344000
8249700
