4760256467600
4760418774900
4760432167000
4760442205000
4760451639000
4760460993600
4760471724200
4760483086700
4760493544400
4760506194800
4760517102900
4760526871500
4760537650300
4760547849200
4760557333600
4760566477900
4760577843800
4760588606100
4760597791200
4760607435900
4760617159300
4760627487500
4760638239300
4760647933800
4760659008700
4760669393100
4760680790600
4760692365600
4760704696700
4760717896300
4760730365400
4760742611500
4760756282000
4760767585400
4760780989100
4760792741500
4760804340500
4760815457400
4760827433800
4760841874300
4760853939000
4760863932400
4760875042400
4760890169300
4760902511600
4760914598100
4760926845300
4760941342000
4760958113600
4760971055000
4760983644200
4760997083400
4761006596200
4761016399100
4761027656600
4761036831700
4761048577600
4761057697700
4761066454500
4761074946200
4761083875900
4761093510400
4761104120600
4761113456700
4761123843900
4761133662000
4761142895200
4761152967200
4761161884900
4761171298500
4761179593100
4761188607800
4761197624600
4761207855600
4761216891500
4761225698400
4761238462900
4761246810700
4761256071100
4761265639400
4761275047600
4761284519000
4761293881000
4761302822500
4761314778900
4761324383900
4761333675700
4761342811300
4761351651300
4761360696200
4761371377400
4761380544300
4761389886200
4761398518900
4761407559800
4761416528200
4761427124300
4761435913300
4761444549500
4761453294800
4761463648100
4761472742100
4761481818000
4761490738400
4761499185700
4761508169000
4761516656200
4761525705900
4761535060000
4761544764900
4761553534100
4761561764000
4761570417700
4761578674600
4761589551700
4761598308900
4761607483200
4761615995800
4761625423700
4761634689900
4761645197600
4761654729200
4761663437600
4761672232800
4761681704400
4761691330400
4761702661000
4761711675200
4761721983700
4761731444400
4761741088800
4761750013800
4761759838200
4761770808200
4761779416800
4761788740800
4761799431500
4761808195200
4761816793200
4761825775900
4761834395600
4761843685000
4761853717200
4761862896300
4761872087900
4761880802900
4761890137500
4761899447600
4761908488800
4761917307800
4761926529800
4761935451400
4761947835500
4761957477500
4761966095800
4761974972000
4761983500500
4761992633200
4762002023500
4762010968800
4762020002800
4762028649200
4762037099100
4762045657200
4762054225500
4762062866500
4762072042100
4762080652600
4762089152800
4762097936300
4762108126500
4762121609900
4762130694500
4762139969200
4762149203800
4762158869000
4762168192600
4762177462000
4762186670400
4762195258700
4762204116800
4762213360200
4762222171100
4762231586100
4762240549900
4762249180300
4762257635700
4762266257700
4762274741000
4762283392600
4762292331100
4762300731400
4762311148500
4762320449100
4762328968500
4762337905500
4762346346000
4762355115200
4762363755700
4762372678100
4762381151300
4762389738100
4762398057600
4762406501600
4762414936600
4762424993600
4762433839100
4762442829800
4762451955500
4762460676700
4762469801200
4762479051500
4762488958700
4762500026500
4762510406900
4762521991500
4762530948900
4762540106200
4762549104300
4762558379800
4762566751600
4762575626900
4762584559600
4762593548600
4762602214100
4762610695200
4762619629800
4762628549500
4762637242000
4762646030800
4762654633500
4762662827600
4762671403700
4762679939200
4762690423700
4762702401500
4762715941600
4762725477300
4762734849700
4762748388100
4762762998200
4762775819700
4762788953800
4762803212300
4762813447200
4762822859800
4762834561800
4762846899700
4762858651600
4762867612600
4762877322300
4762888791600
4762901061700
4762911598100
4762922841800
4762936344800
4762945961400
4762955704400
4762964211400
4762973223500
4762981553600
4762990310400
4762999113000
4763007747200
4763016162600
4763024848300
4763033490300
4763041876800
4763051325000
4763060441800
4763069512200
4763078076100
4763087156600
4763095569500
4763104373000
4763113632800
4763122100300
4763130672600
4763139151400
4763147777500
4763158100300
4763166601400
4763175432400
4763184371400
4763193274800
4763202048500
4763210878000
4763219791500
4763228561500
4763237259600
4763248575900
4763256950000
4763267426600
4763276340200
4763285671000
4763294071400
4763302477500
4763311293800
4763320562200
4763329386500
4763338276200
4763346948300
4763355596400
4763364349900
4763375621400
4763384153200
4763393368600
4763402881100
4763411225500
4763420233600
4763429897400
4763438443600
4763446907700
4763455696100
4763464059000
4763472442800
4763481512000
4763491343800
4763502568900
4763513831000
4763524103000
4763533009800
4763541652700
4763550636100
4763558899600
4763567171700
4763576320100
4763585432400
4763593825200
4763602727500
4763611838200
4763624685100
4763637062600
4763646282400
4763655043400
4763664387800
4763673879400
4763682274200
4763691754100
4763700484900
4763711448600
4763722975600
4763733764200
4763743918800
4763752450500
4763760964800
4763769556600
4763777810700
4763786244000
4763795991900
4763804477700
4763813258300
4763822473800
4763831051100
4763839773500
4763848348500
4763859247800
4763867885200
4763879997500
4763889753800
4763899681500
4763909148800
4763917726000
4763926472300
4763935231500
4763944389400
4763954711400
4763964385600
4763973123600
4763981464100
4763990484600
4763999073000
4764008274400
4764020583100
4764029464700
4764037814300
4764046292600
4764057967700
4764066365900
4764075441600
4764083652300
4764092932700
4764101497500
4764110969000
4764120436800
4764130948800
4764140159100
4764148575000
4764157420000
4764166343100
4764175210800
4764184006700
4764193240800
4764203300000
4764212409000
4764221272200
4764230145400
4764239203400
4764247452200
4764256148400
4764264818500
4764273288800
4764281918100
4764290272300
4764298707400
4764307028900
4764316533500
4764325132400
4764334720200
4764345111400
4764354094500
4764362966600
4764375784000
4764385160700
4764393847000
4764402759900
4764413038500
4764421934600
4764430405300
4764439300900
4764447712100
4764456583600
4764464854100
4764473548800
4764481836300
4764490161200
4764499186900
4764510857000
4764521158000
4764530268400
4764538563600
4764546705000
4764555528300
4764563689800
4764572313800
4764580883500
4764589642900
4764597922100
4764606608500
4764614916800
4764623453800
4764631945600
4764640215700
4764648669500
4764657088600
4764665327000
4764674135800
4764683810900
4764692618700
4764701024100
4764709740400
4764718372700
4764727456900
4764736750800
4764745312700
4764754161900
4764762636400
4764772305900
4764782121400
4764791331800
4764799686700
4764808380900
4764816548000
4764826313600
4764838614200
4764847559600
4764856432900
4764864736700
4764873455800
4764883410900
4764893263000
4764908423400
4764917407300
4764925848700
4764934913700
4764943728500
4764952414100
4764960586100
4764969484700
4764977797400
4764986288200
4764994921100
4765003488000
4765011788200
4765019964200
4765028173500
4765036953800
4765046194100
4765054516200
4765062877900
4765071537500
4765079826700
4765088791000
4765097296900
4765106590000
4765115275700
4765123615600
4765132021000
4765141295900
4765149993700
4765158939300
4765167272600
4765176266300
4765185671900
4765196490000
4765208246700
4765221309700
4765229919400
4765238296700
4765247529800
4765260582600
4765272251400
4765283028500
4765294773900
4765307979900
4765316438200
4765325405800
4765333539000
4765341897400
4765350766600
4765361228900
4765369770700
4765377891400
4765386683800
4765395259700
4765404147700
4765414038800
4765423031000
4765431968800
4765440834800
4765449505800
4765458131300
4765466897100
4765475602400
4765483954000
4765493447400
4765501794700
4765510704700
4765521018500
4765529425000
4765538365200
4765546502300
4765555455200
4765563903300
4765573065200
4765581438400
4765589777000
4765598831200
4765607323300
4765615890900
4765624544000
4765632806600
4765641432700
4765649929500
4765658303800
4765669455800
4765677894500
4765686840600
4765695601800
4765704586900
4765713096200
4765723324900
4765731740800
4765740638800
4765748989400
4765757799800
4765766414800
4765775268800
4765783741000
4765792548300
4765801084000
4765809934800
4765818345200
4765827250800
4765836408300
4765844779600
4765853802700
4765861989200
4765870585800
4765879358000
4765888601300
4765897026300
4765905859000
4765914223300
4765923114700
4765931477700
4765940869400
4765950221200
4765958671000
4765967226100
4765975878700
4765984647600
4765993635500
4766003453000
4766012717300
4766021054100
4766029418600
4766037794500
4766046679700
4766055065900
4766063358600
4766072149200
4766080362100
4766089355000
4766099625600
4766111461500
4766121940800
4766130344900
4766139426600
4766147810800
4766156583400
4766165478400
4766174696000
4766183320100
4766191829400
4766200548400
4766209301200
4766217674400
4766225948400
4766234361200
4766242667900
4766252398200
4766262304500
4766271250800
4766280090300
4766289111100
4766297674900
4766306041500
4766315107600
4766323623400
4766332475700
4766341148300
4766349511100
4766358421400
4766366664000
4766375581600
4766384073100
4766393088800
4766401615100
4766410602100
4766421504000
4766432798800
4766444698100
4766453963000
4766462505200
4766471220300
4766479421400
4766488361900
4766497494000
4766505785800
4766514474200
4766525069600
4766533552700
4766542269200
4766551072100
4766560439800
4766569264400
4766578873200
4766587111000
4766595522700
4766603922800
4766612155300
4766621087900
4766632408800
4766643074100
4766654228400
4766664057900
4766677591400
4766689760400
4766699527400
4766709489300
4766717975300
4766730591500
4766739443200
4766748940700
4766757819300
4766765987400
4766774470100
4766785201900
4766793776700
4766802561600
4766810726100
4766819087300
4766827497600
4766837076900
4766845540100
4766853737800
4766862000300
4766870374800
4766878663900
4766887332700
4766895714000
4766904336400
4766912628800
4766921706800
4766930136600
4766938613100
4766946769400
4766955864800
4766964143600
4766972661900
4766980932300
4766990485600
4766998759900
4767007350700
4767016179800
4767025139000
4767033525100
4767041738900
4767050164600
4767058557400
4767066945800
4767075280400
4767083895900
4767093666000
4767102637100
4767113193800
4767124259600
4767132734600
4767141156600
4767149819900
4767158427000
4767166650200
4767175161000
4767183625200
4767192819300
4767202354600
4767210925300
4767219709500
4767228821800
4767237054000
4767245644900
4767254107400
4767262503500
4767270919700
4767278969600
4767287373300
4767296349600
4767305766700
4767314269000
4767323337900
4767331626200
4767340022700
4767348529000
4767356762700
4767365132500
4767373521200
4767381596800
4767390126000
4767399036000
4767407582100
4767416298100
4767425251900
4767433796000
4767442073700
4767450761600
4767459029500
4767467187800
4767475489000
4767483605900
4767493209600
4767501829100
4767510794000
4767519709500
4767527954600
4767536650500
4767544942300
4767554714500
4767567740600
4767577160100
4767585566100
4767594070200
4767602274200
4767611043800
4767619742200
4767628225100
4767636778200
4767644893400
4767654376800
4767666467900
4767676131400
4767690183400
4767700213700
4767711374400
4767723072400
4767732183500
4767741681800
4767753794300
4767764347300
4767774332600
4767783325700
4767792797500
4767803210700
4767811971700
4767822048700
4767834003100
4767843332100
4767853122100
4767862508100
4767872221100
4767883954700
4767895040400
4767907020300
4767915901400
4767925919100
4767937365900
4767948272000
4767957100200
4767968586700
4767978523000
4767987236000
4767996182900
4768005528000
4768015329200
4768026533600
4768039799200
4768054247400
4768068633900
4768083356900
4768095681000
4768104654500
4768112932600
4768121142900
4768133886300
4768145390100
4768155371100
4768163744900
4768172634400
4768180993900
4768189944200
4768198545600
4768207065400
4768215623300
4768224416200
4768232844900
4768241392300
4768250117200
4768258497600
4768266691000
4768275089900
4768283309200
4768292471100
4768300969400
4768310393500
4768319441900
4768330828400
4768341028200
4768350632000
4768359274500
4768368105300
4768376356400
4768385067500
4768393653800
4768402371500
4768410927500
4768419213800
4768427672900
4768435996000
4768444597200
4768453726600
4768464162200
4768473075000
4768481439200
4768490193400
4768499898200
4768508564700
4768517106300
4768525995700
4768534321900
4768543038500
4768552055500
4768561182700
4768570008500
4768578221100
4768586515300
4768595009700
4768603706800
4768612652000
4768621747600
4768630262900
4768638813700
4768647412900
4768656555900
4768665275000
4768674536800
4768682816500
4768691778000
4768700501100
4768709340600
4768718567700
4768728786400
4768737611400
4768746114700
4768754904800
4768763603300
4768772299300
4768782631800
4768791000900
4768799731200
4768808196200
4768816525800
4768825519100
4768834155600
4768842645900
4768851237500
4768859750100
4768868379300
4768877196800
4768885757000
4768894093300
4768902814200
4768911633600
4768920229000
4768928591900
4768936791000
4768945259100
4768953540900
4768961824800
4768970308600
4768979528500
4768988377800
4768996750600
4769005219300
4769013733100
4769022199500
4769030605500
4769039471600
4769047678500
4769056354000
4769064657400
4769073418600
4769082898300
4769092402600
4769100771900
4769109169000
4769117578200
4769126134300
4769135038100
4769143668200
4769152499200
4769160926300
4769169668300
4769178154800
4769187643700
4769201127300
4769210271100
4769219180200
4769227529900
4769237581600
4769246178000
4769255700100
4769263841900
4769272791700
4769281182500
4769290550900
4769298880200
4769307272600
4769316688600
4769325436100
4769333944400
4769342887700
4769351572300
4769360048900
4769368917100
4769377240200
4769385459600
4769397103900
4769407965000
4769416771900
4769430904400
4769440796400
4769449828300
4769461475400
4769472620000
4769484178500
4769493579600
4769502453300
4769511546600
4769520767400
4769529946800
4769538675100
4769546910700
4769555492500
4769566840600
4769576246200
4769585592600
4769594370000
4769605656900
4769614964300
4769627946600
4769636480000
4769645398100
4769654846000
4769664146100
4769674903100
4769684195300
4769696762100
4769706421400
4769715131900
4769724785100
4769736551900
4769745512200
4769755060300
4769767109600
4769778524200
4769788140500
4769796711900
4769807017300
4769815331100
4769824064000
4769833090300
4769841901700
4769850529600
4769859126200
4769867273900
4769876801600
4769890119100
4769900287500
4769910130200
4769919166800
4769927831600
4769936216200
4769945226700
4769953959500
4769962488400
4769973298600
4769981418000
4769990185700
4769998840000
4770008003400
4770016167700
4770024977800
4770033208300
4770041634900
4770050797700
4770061288300
4770070112100
4770078205000
4770086799300
4770095170400
4770104258900
4770112747400
4770120987000
4770129418300
4770138201600
4770146433400
4770154751800
4770163730800
4770177391300
4770187054200
4770196308000
4770204758600
4770213656700
4770223699000
4770232653800
4770241747800
4770250469600
4770259067500
4770267638300
4770276340700
4770284802700
4770293320300
4770301870200
4770310648700
4770319362900
4770327469200
4770335974100
4770344601000
4770352970100
4770361503800
4770371124300
4770379811100
4770388507500
4770396562500
4770405978300
4770414469700
4770423544300
4770432241300
4770440912900
4770449414100
4770458074600
4770466303600
4770475086500
4770483329000
4770491654400
4770500733300
4770512386200
4770521794200
4770530654900
4770539311400
4770547757900
4770556653600
4770564791200
4770575020300
4770583664100
4770592034100
4770600302100
4770608583800
4770616618100
4770625061000
4770634324800
4770642683900
4770650822100
4770659399100
4770667591000
4770676169800
4770684411700
4770693415900
4770701740600
4770710214600
4770718576700
4770726822400
4770735784400
4770744530500
4770753358100
4770761525900
4770770710300
4770779042400
4770787222300
4770796297900
4770804753600
4770813079900
4770821798200
4770830143400
4770838501800
4770846888600
4770855052100
4770863244900
4770871571600
4770879611900
4770887886000
4770896352500
4770904762700
4770913023800
4770921661900
4770929922800
4770938109200
4770946359000
4770954758600
4770963117200
4770971583800
4770979664900
4770987701200
4770997284800
4771005593900
4771013930700
4771022477400
4771030753700
4771038922200
4771047461000
4771055921400
4771064132900
4771072929400
4771081100300
4771090030100
4771099570800
4771109456900
4771118588800
4771127385200
4771136322100
4771144705700
4771154721700
4771163007200
4771172313900
4771181556100
4771191427900
4771200316500
4771210699400
4771219528200
4771228125200
4771237520100
4771246324200
4771255239600
4771264681500
4771274336900
4771282855900
4771292010600
4771300384100
4771310389400
4771320740500
4771329282800
4771338052800
4771346848700
4771355491200
4771363801600
4771373690200
4771382698200
4771392223600
4771401982000
4771411602500
4771420502600
4771431983400
4771443035000
4771455040600
4771465943800
4771478869300
4771489933400
4771500553600
4771511879300
4771523717900
4771535641500
4771549083400
4771560333500
4771571698300
4771584979200
4771596420100
4771608265900
4771617885500
4771631967100
4771642846000
4771655840500
4771665363700
4771675777000
4771690088700
4771702143200
4771738813500
4771789688200
4771814228200
4771837456700
4771848175300
4771858942200
4771871199700
4771884543300
4771897694800
4771908937200
4771917852900
4771926419700
4771934828100
4771944005300
4771952796100
4771961178200
4771970154000
4771978465400
4771986928000
4771995456900
4772003734000
4772012185000
4772023794200
4772031964600
4772040517400
4772049351900
4772057796000
4772066065000
4772074982700
4772084312400
4772093389700
4772101738800
4772110480000
4772118766400
4772127166200
4772139085900
4772147217700
4772156482800
4772164796300
4772173577900
4772181873800
4772191998700
4772201256600
4772209836900
4772218127200
4772227014400
4772235921000
4772245196600
4772254582700
4772263051700
4772272125700
4772280221400
4772289130500
4772297292100
4772307122400
4772315973800
4772324990000
4772333704500
4772342757000
4772350968200
4772360059300
4772368708100
4772376858100
4772385533200
4772394777100
4772403462800
4772411691000
4772420501800
4772428841400
4772436921000
4772445419600
4772454044200
4772462330800
4772471170700
4772479263300
4772487845200
4772496943800
4772506061600
4772514345600
4772522789400
4772531055800
4772539789700
4772548061000
4772556302100
4772564583400
4772573090000
4772581324100
4772589627500
4772598253100
4772607648700
4772616156200
4772624761400
4772633019000
4772641939200
4772650508500
4772660961700
4772673949800
4772682950200
4772692067900
4772700981600
4772710607500
4772719729000
4772728101300
4772736380900
